1.487333547474747331e-01 2.317252440367703503e+00
2.973667094949494771e-01 2.297173838984625238e+00
4.460000642424242212e-01 2.276135206389653387e+00
5.946334189898989653e-01 2.272255159703748362e+00
7.432667737373737094e-01 2.252477070302896678e+00
8.919001284848484534e-01 2.244970945930591100e+00
1.040533483232323197e+00 2.244820305136783656e+00
1.189166837979797942e+00 2.232740054645644179e+00
1.337800192727272686e+00 2.213731815834620864e+00
1.486433547474747430e+00 2.199885983472509743e+00
1.635066902222222174e+00 2.197274578367101050e+00
1.783700256969696918e+00 2.196548969671248575e+00
1.932333611717171662e+00 2.171515791463196177e+00
2.080966966464646628e+00 2.171293297407845824e+00
2.229600321212121372e+00 2.155403571072876723e+00
2.378233675959596116e+00 2.138888683201513707e+00
2.526867030707070860e+00 2.138720787159092751e+00
2.675500385454545604e+00 2.122913429064465340e+00
2.824133740202020348e+00 2.119856927760396914e+00
2.972767094949495092e+00 2.112117964846978779e+00
3.121400449696969837e+00 2.094969156494237428e+00
3.270033804444444581e+00 2.086433547180535975e+00
3.418667159191919325e+00 2.075674179878985282e+00
3.567300513939394069e+00 2.066715976581799286e+00
3.715933868686868813e+00 2.051290543057658677e+00
3.864567223434343557e+00 2.049757837719318410e+00
4.013200578181818301e+00 2.032950820306596906e+00
4.161833932929292601e+00 2.017750212018182054e+00
4.310467287676766901e+00 2.014191424382890006e+00
4.459100642424242089e+00 1.995294124275077463e+00
4.607733997171717277e+00 1.990487322458554864e+00
4.756367351919191577e+00 1.971074663254084980e+00
4.905000706666665877e+00 1.962598458667499157e+00
5.053634061414141065e+00 1.950299738033890229e+00
5.202267416161616254e+00 1.938835815477363722e+00
5.350900770909090554e+00 1.934396980528992005e+00
5.499534125656564854e+00 1.917632126453354013e+00
5.648167480404040042e+00 1.918052852616496606e+00
5.796800835151515230e+00 1.913012033212993401e+00
5.945434189898989530e+00 1.887436931264045992e+00
6.094067544646463830e+00 1.889587154735333785e+00
6.242700899393939018e+00 1.875440119211333911e+00
6.391334254141414206e+00 1.856465061446985976e+00
6.539967608888888506e+00 1.847248003602770972e+00
6.688600963636362806e+00 1.835485159823626811e+00
6.837234318383837994e+00 1.831241690177166648e+00
6.985867673131313182e+00 1.820152388089857576e+00
7.134501027878787482e+00 1.817823722966316780e+00
7.283134382626261782e+00 1.802935374598024332e+00
7.431767737373736971e+00 1.800161051930426526e+00
7.580401092121212159e+00 1.789577930958917706e+00
7.729034446868686459e+00 1.760727436963882564e+00
7.877667801616160759e+00 1.768409689432691279e+00
8.026301156363636835e+00 1.751496101920108073e+00
8.174934511111111135e+00 1.745846337924539693e+00
8.323567865858585435e+00 1.733815406319958008e+00
8.472201220606059735e+00 1.724819530576191307e+00
8.620834575353534035e+00 1.710676763538194312e+00
8.769467930101010111e+00 1.698725215838241320e+00
8.918101284848484411e+00 1.682325762381544187e+00
9.066734639595958711e+00 1.678988446644289478e+00
9.215367994343434788e+00 1.667834907304687642e+00
9.364001349090909088e+00 1.658343627921426533e+00
9.512634703838383388e+00 1.637749365888476083e+00
9.661268058585857688e+00 1.635163903571485333e+00
9.809901413333331988e+00 1.625841093083958411e+00
9.958534768080808064e+00 1.616890149215368444e+00
1.010716812282828236e+01 1.594734670882972383e+00
1.025580147757575666e+01 1.588951266387175210e+00
1.040443483232323274e+01 1.584072403517690741e+00
1.055306818707070704e+01 1.573397238573708501e+00
1.070170154181818134e+01 1.560805302137490136e+00
1.085033489656565564e+01 1.546529396895257813e+00
1.099896825131312994e+01 1.542741222179313310e+00
1.114760160606060602e+01 1.520433238001631437e+00
1.129623496080808032e+01 1.525999041535310852e+00
1.144486831555555462e+01 1.512079391562195951e+00
1.159350167030303069e+01 1.489042961675150600e+00
1.174213502505050499e+01 1.484850976519679122e+00
1.189076837979797929e+01 1.468637773900349552e+00
1.203940173454545359e+01 1.464796529095820476e+00
1.218803508929292789e+01 1.458222436341338524e+00
1.233666844404040397e+01 1.452889522287993174e+00
1.248530179878787827e+01 1.428690713023937464e+00
1.263393515353535257e+01 1.433804310681011218e+00
1.278256850828282865e+01 1.406464007642658665e+00
1.293120186303030295e+01 1.395101420900103140e+00
1.307983521777777725e+01 1.398949043582434770e+00
1.322846857252525155e+01 1.385141645406535060e+00
1.337710192727272585e+01 1.364640005069320372e+00
1.352573528202020192e+01 1.370445004801997824e+00
1.367436863676767622e+01 1.351308305419624656e+00
1.382300199151515052e+01 1.341145808925107819e+00
1.397163534626262660e+01 1.326697459936662327e+00
1.412026870101010090e+01 1.328132301905582624e+00
1.426890205575757520e+01 1.316269469822234806e+00
1.441753541050504950e+01 1.290548121069300613e+00
1.456616876525252380e+01 1.280457564166428197e+00
1.471480211999999987e+01 1.274146496414205965e+00
