1.235482888256746875e-02 3.201330747582815939e-02 -3.226967751787914174e-01
1.526417967175233356e-02 3.194593810691234020e-02 -2.620159890340384989e-01
1.885863278772649532e-02 3.175630649358451157e-02 -2.122879557596819844e-01
2.329951810515371730e-02 3.070982562205133715e-02 -1.718152267030881586e-01
2.878615592354568514e-02 3.134016980914076239e-02 -1.384748101249507202e-01
3.556480306223128163e-02 3.088769505287554049e-02 -1.132123588615790988e-01
4.393970560760790400e-02 3.166445356929833976e-02 -9.097762465489944717e-02
5.428675439323859403e-02 3.007555197165821467e-02 -7.420874338174174301e-02
6.707035611184306023e-02 3.097687499608112877e-02 -6.065597109105377166e-02
8.286427728546842675e-02 3.150536896283508137e-02 -4.917602875158319509e-02
1.023773966339585340e-01 3.089260841855236833e-02 -4.120009469015461362e-02
1.264855216855296505e-01 3.107770623094736548e-02 -3.289717742636361075e-02
1.562706976546995585e-01 3.082188217677996056e-02 -2.823272968109105663e-02
1.930697728883250530e-01 3.078516126755250631e-02 -2.389561988427573586e-02
2.385344006431420194e-01 2.984542850067284023e-02 -1.895342362047093901e-02
2.947051702551811148e-01 2.949417421515289350e-02 -1.681987272213074369e-02
3.641031949310675198e-01 2.961143659008130466e-02 -1.568825587705925326e-02
4.498432668969446491e-01 2.952350854431348010e-02 -1.254510221664896855e-02
5.557736586486877739e-01 2.742942932979852699e-02 -1.173620248813245573e-02
6.866488450043002345e-01 2.614640370305615705e-02 -1.118504361982721254e-02
8.483428982440721633e-01 2.538659359135616439e-02 -1.028851435036810813e-02
1.048113134154686321e+00 2.434793394747682832e-02 -8.616437039290218008e-03
1.294925842205263189e+00 2.336969728573096844e-02 -8.736844882139757629e-03
1.599858719606058965e+00 2.281079152142777289e-02 -7.934702744943743918e-03
1.976598071701634707e+00 2.192173743415581216e-02 -7.070145929918433825e-03
2.442053094548652048e+00 2.229277311015534502e-02 -6.661639586840248720e-03
3.017114810529295532e+00 2.123516744116204363e-02 -5.591012250979557688e-03
3.727593720314941628e+00 2.123790529181257200e-02 -5.187716058023037966e-03
4.605378255822416556e+00 1.891658644028997721e-02 -4.381634407238211605e-03
5.689866029018299187e+00 1.988887346544671725e-02 -4.016903843159715277e-03
7.029732115325475483e+00 1.945502004558116033e-02 -4.307093974358777375e-03
8.685113737513528775e+00 1.920484493703306442e-02 -3.593941916618647106e-03
1.073030940526156485e+01 1.815131992895150509e-02 -3.141508140957387576e-03
1.325711365590109558e+01 1.761174344488318153e-02 -3.133570140074368356e-03
1.637893706954064754e+01 1.787313940364126247e-02 -2.166552355271445917e-03
2.023589647725157548e+01 1.829031450325824953e-02 -1.808823133265082764e-03
2.500110382617930682e+01 1.676748372441940610e-02 -1.340200101544489122e-03
3.088843596477481768e+01 1.705398624282627659e-02 -8.246986477952693686e-04
3.816213407949356906e+01 1.654881746138582924e-02 -1.428636205972463749e-03
4.714866363457394272e+01 1.729262091953717023e-02 -4.274155960159128930e-04
5.825136712468926703e+01 1.671891998598336662e-02 1.399491387285333897e-03
7.196856730011521108e+01 1.635091151507358023e-02 9.113224703263886209e-04
8.891593339164641918e+01 1.661702379234639843e-02 2.340571360338171251e-03
1.098541141987559513e+02 1.721477655676632162e-02 1.807731379493666014e-03
1.357228782971653800e+02 1.709980676937248797e-02 3.936350038990633557e-03
1.676832936811009915e+02 1.600836867471163230e-02 3.782993366747811493e-03
2.071698399895307716e+02 1.690781090302054604e-02 4.687605692258282018e-03
2.559547922699538560e+02 1.665825956721684459e-02 7.415502468570780298e-03
3.162277660168379612e+02 1.518689624553204269e-02 9.610946713206867248e-03
